Speed_km/h,fatigue_score,traffic_density,visibility,break_event,school_timing,weather,accident_risk
106.82542605570951,8.434105854744221,5.064934418609347,65.55952217384333,4,5,clear,1
139.3838396404074,1.0724631864191714,8.293857531324988,11.23338609408587,1,6,rain,1
138.4156615758863,2.880185884350409,6.832980592985734,-47.68971262590866,5,11,clear,1
130.29636710736054,2.1696878840289835,9.101012164545892,-22.241833453336156,1,7,clear,1
128.48162554968536,4.642672233505861,1.1993962069041586,54.45347794407788,1,5,clear,1
109.6395973895505,3.1959038695566164,8.397331329753591,-53.66844559377461,4,5,rain,1
128.3952876019738,9.090941756538136,9.482698557051432,99.93651278843163,5,5,clear,1
113.13917604384383,7.856273777645777,5.736209319128051,57.86770176078636,3,15,fog,1
101.56050808957026,7.0575068455668735,0.04145027377523536,2.1719647921257224,6,9,clear,1
115.91863649844863,1.3990345034074603,0.335122841211396,27.936132101096256,4,14,rain,1
108.59955586491954,6.118213351620728,4.1246601419179685,3.9800025267040047,0,10,clear,1
139.27299622736058,8.51495026982272,4.582772470641656,-53.588598179255335,4,8,fog,1
115.97864998301422,9.237684651434702,4.7765181698589085,19.63713951228067,4,7,rain,1
124.2211454673201,6.622105870913469,6.814208544705069,-49.026544764793826,7,16,rain,1
110.91714398724008,2.5897947376885955,7.548914345574334,35.62077225138432,4,10,clear,1
100.090845416246,2.7679967455769114,8.207847197282469,-26.136619118310954,2,8,clear,1
117.99538008143784,6.354779918591919,3.4630915349277283,-1.4543237176554795,4,12,rain,1
126.15640027098394,7.244061088576461,6.149501149592424,-36.169238358190235,2,12,fog,1
102.7778278940575,3.055872539721948,3.9286734638182494,-1.395585123532431,1,16,clear,1
136.57591921692378,6.779625879939475,7.253456535848413,-33.257447967071776,5,9,fog,1
